559184733487
558471400546
558676175810
551891790122
551800124875
555218036741
553100808241
558425055269
558199784301
558198536146
558289385406
558287457916
558360902686
558406659357
554487756597
557180619431
558310553024
558425175516
559603719116
535849035044
559095136992
559665908487
558204416755
559756353600
551874414287
559882451175
552908877105
559243814909
558676343597
557628344985
552945278528
555460662140
552945750678
552845888235
559760057437
559815114153
551874414113
559760369929
559391332869
558576076461
551926319706
551874414117
559545622379
555765586313
559606243550
560309939249
551874414183
558206252530
535359030475
559896222711
559963427471
559964163465
559834729772
559963223678
559745800828
559746300905
536565554989
556226039609
556168730496
557388043455
557325842959
557265253983
555263921979
555194372527
548123312837
558864712449
559457234834
558064816729
549311880246
557988500537
555310846509
559404417090
559186829011
559244330095
559244046549
559308851560
559488833411
552662909628
556060667800
556007010231
555965841003
556062787008
556011470077
555892524424
556108843685
556055958207
558080597983
556056558921
558191451944
558130298993
558082809958
557888481898
557994820960
558084085919
546414598378
559458942069
559509775506
558905209206
559267352627
559314605339
559315429909
559906095142
559903267878
523047682715
559441119117
559362193638
559398357018
537822548877
536883343803
537022631722
555185640133
559549982075
559492801229
559009426293
559010210754
558957593744
559012746513
555355539225
559765496551
559061623741
559385103722
559322174357
559322910598
559323814288
559324142519
559255429277
558664489635
558575996812
545207292699
558612506513
559133970976
555304250785
524427923127
558576212312
537487247879
551874414039
551926843420
551838129036
558783183302
558719002804
558576632274
558310453888
558718454641
558425275076
558783431037
558783323290
559241462385
559304471569
559265589853
559304675901
558717954804
558782715867
558576184285
558718806112
558576376116
558782827839
558576572350
558719294138
558719182424
558782579597
558782671416
558576108079
558664617880
558576252167
558664797743
558718546442
558719422012
558575924473
558718070974
558718298651
558782487848
558665493289
558783139534
558718318217
558717974911
558782515966
558782667682
558718454531
558664605761
558575948726
558664497998
558718714638
558718926336
558665277797
558575768836
558782235916
558576184725
552739179706
558222348760
558718786834
558783083446
558718414693
558664873354
558576504800
559882007376
559539182826
558783103088
558576124836
558665089767
558820545512
537555800903
559318762999
559262605980
556986715877
538376199457
559323574354
556799012547
556926906860
523082545577
559326586081
558718366510
557834912913
559865285366
559462130556
523048469841
559319770917
558549180936
559060099967
559377791784
559307719259
558346586174
560143750296
559670480060
559672904132
559542290380
559175160502
555267065696
555190232195
553167517677
558665101171
558559957169
557121338400
548182870841
559485959223
559821281780
527892775594
537781660975
556165614693
527263983663
558917532539
558918996312
558199816569
558400971979
558199108915
558343954599
558409643848
558204856839
558205916991
559076955855
559080255939
558407355834
558295405127
558207112575
558205068654
558345522038
558343278453
558408427604
558409599874
537690078395
558293369207
558344858125
558205632107
558408499242
558294625368
558346730517
558295797535
555187484034
556128053533
551838129114
556135095619
552502352042
559307423270
560158561468
558361326151
558424635693
558361450787
558361406900
537787273380
558676443096
558407535568
559185977865
558676247702
558471292758
558559637468
559893562709
559839945151
536874139653
535722705287
559906255900
537624415730
523943504859
555302978649
555355411028
551838129047
558559713782
560091556545
556220663372
559242034558
559305295623
559304847992
558988060369
559199235150
559267781879
559199035147
559078917888
558988288081
559133982594
559198587862
559198979113
559199175069
559134010245
559198895108
559198767362
559198859108
559198891429
559134390383
559134522011
558988292545
558560345033
559133726941
559198907793
559134310567
555185824483
537424394099
558361282251
556166430712
555362671548
555363395096
544810497835
555271889751
552599904068
551855749215
560242703367
559756001336
559092320441
559665404410
556122005078
556559270596
559995227747
558843797585
552397317257
551856029147
551891374584
551925859912
552641227194
552845532730
554952546680
554952834027
551856261577
552663017258
555855764603
558612266105
551838129170
551800380208
560143498052
558731000862
555386499874
558471336827
551856405151
558222676531
558343358511
555765518340
556927254496
555272821933
559538930295
560123806469
555308834143
555309978514
555272349825
555310262966
558425471188
558719262138
558665113077
558718262084
558424403800
558664557460
558717986733
558665201040
559882167796
560067085898
558425315115
560219134531
559975392431
558664897762
560189134723
536204202501
560066596188
536139559693
558192959098
559980295670
559963583963
559908727805
559888755498
559829786587
559767452842
559964003397
559924311196
559923887617
559893838360
559888058537
559856334123
559855858525
559835509230
559834801534
559826169626
559822517516
559820561637
559773613079
559745360199
559736252512
559708712113
559708644237
559708560319
559708136831
559962499941
559956171776
559925159098
559925010827
559924675882
559923771806
559857118102
559856986197
559827390946
559826445720
559820317007
559799505817
559799009284
559746828728
559738484268
559722704589
559709496204
559683596494
559996887828
559930874278
559927826502
559901995670
559895594323
559894706481
559871297026
559856242206
559839433572
559838189330
559835685467
559781668147
559774021777
559742424156
559718500751
559709216657
559925799047
559867750400
559799989871
559798865444
559798765726
559709140538
550971765465
537779796083
537739533907
559857746003
558195847758
538811940066
537780613650
537211333279
537131317582
536208106948
527117300413
559305482668
558576140484
559540842585
526434865853
558987980933
557921970343
536639848763
527561087197
555262881128
558194607491
558130618630
559008993982
558919200820
559324374857
559069643526
559023559212
536735175252
559010910033
558862544680
558471120575
535855529618
558637029398
559187129431
559306979979
558718230347
551927283224
558310433236
557715333489
552738755809
551855725875
552739023313
524542053208
559305379464
527115612591
553435954351
558221764128
558585874331
558268187678
527083153132
559134358633
558719190248
558222136534
552738775635
551856353284
559390211161
558361502889
551856113832
558310529534
530567177173
559665784958
559134502261
558612242146
558665233722
558664789760
548125760634
558718498841
558576500366
558575972162
537238262300
526457444568
559867309619
559958123039
543220109996
547707135012
556435412555
557652416344
557784866822
557736325140
525001625862
548222631557
557648348210
557738613254
557845943317
557786414881
558783143061
558559433795
559079417241
544420086217
557822919279
558222624494
559181949740
559182265317
559090856364
547624604703
558783243389
555184208711
557999168787
558718250840
559882171864
559882795258
559814262172
559813902563
559814102369
559666228258
559665772749
559882459964
559666348173
559666300237
559756645541
559756729562
559756553663
559666176828
559815334051
559883451706
559815602116
559667092650
559884079533
559883791962
559815402440
559815614261
559884411415
559884171626
559908619479
559884299660
559668560090
526985908894
558612142440
559820194667
559820242870
559677256147
559676936521
559893127761
559893035819
559825086320
559893803314
559767565492
559894083044
559677072670
559825394186
559893583869
559677556276
559893591729
559893387994
559677332721
559677676661
559677600627
559825510963
559678168600
559894723574
559894603533
559769277147
559769357118
559769641144
559679276197
559769653282
559827102352
559895499962
559770345313
559896287726
559680188447
559896599506
559828602052
559680736075
559687376566
559903923802
559778325888
559687956481
559687708959
559689484837
559247144796
559361933604
555353787511
559519019543
559367374586
559007958315
537213941558
559833138359
559688296338
559227144245
559222796421
559221484537
559222132674
559222404775
531633909851
559125439375
558952049616
559072119255
558916064748
537232842633
559062686414
559063518139
558918756775
559685088171
558957562867
551142289188
547629100929
544590443823
544572050841
542625928714
537783176418
537099919725
524038223339
547663449572
538535724865
537623531567
553872346595
545948588563
541185503053
538556973766
535964597278
528696470533
527100921916
544569153809
544373594695
540232419455
537499340427
537213248277
536875159786
533902589043
529083028043
524088462487
524038121120
536994536324
533908853948
532962456979
559025171783
546367668932
537650648004
537605325922
537248624594
537107223883
537095054195
532903730812
532903674167
536908210285
535881562381
553436846100
553409871638
553368990251
553335656732
552892478206
546361692385
524096972654
546438003878
545419798506
544823306480
537662423705
536604525941
535810419441
527351157855
524065351746
536888659431
535954540837
535872566630
535904801482
552851509945
536285444797
542519010612
536874139865
536602517809
524168330897
545494340060
537691746258
536955449736
535631839817
524065813964
553842281970
545982673609
540781236181
537110107851
537016463500
529039548657
551084796069
544597415143
544531475690
537096802175
523031687522
543507619957
537613507442
536947295000
536701623402
536604769243
536282784997
535634767081
544799655310
543280214223
540789121016
540232863923
540226440499
537609077791
535940256694
535705374137
529061977613
555368666132
555251160826
546398421063
544590739019
541922614300
536567938625
555761497789
555682732868
555682460213
551139161383
537617595588
535805587185
555859047147
555765489301
555763753211
555763085929
555688868305
555686672713
555686300482
555684132214
544819265085
544368883258
535820786759
524059066871
540227064634
537069567039
536643600886
535870686009
534581022609
523048146222
546712450000
546593437480
542672911122
542616239225
542511265725
542507664939
555355703435
552927997627
552894318264
552890826637
552858301340
552854865739
552792808017
552792104413
552791128008
552789300759
552788936889
552788348951
552788240180
552653472943
552627208850
544779266824
544532275796
536567654307
545211719442
544535168455
544391675648
542514742872
537100991084
537021295971
536536655815
535796267587
544436367877
535944496199
544790856335
537783768014
536002896436
524468740507
559907695251
558818708141
558960694747
559265857221
536636012969
537701374292
537174185482
553411557717
553344812990
527055867558
553406475772
547708703779
544774556701
542524135634
538510526994
537567318508
536296249596
553480379052
553415055776
553410515786
553338977651
553333757529
553332888422
553269016062
553264480639
537162375604
544359935827
542491724491
537830100097
536602230970
535810891786
532760152978
526110175210
544361867173
544337936435
537237834070
535930554884
559819705318
558300139991
558399284054
558299907182
558298767677
559294684956
559365397189
559484423693
556126913074
559458138707
559401809450
559311396135
559944679284
559947771263
559823753349
559461446859
558199167286
557991952619
559061383258
559004710875
559525759940
559780161829
558222540193
559389431208
558424659530
558424135767
558198848446
551855413879
558408743141
559305119229
559305255627
558346242294
558664457875
558203684636
560158589238
559757029697
559882071667
559542830029
559883739318
559095392569
559096540966
559096896265
559305283968
559390743034
559666880429
559814282944
560285319913
559307799163
559305275964
559815034249
560205707042
560140994797
559186397366
558559505753
558202080286
552845384246
558204116460
552699230241
560138914098
558560233195
558205268180
559199187079
559397148868
558292689894
559901827556
552845820044
559774161554
558665193930
558404907288
558292121232
558342182901
558295517460
559544058177
559395088192
558471520661
559079305475
558204496945
559090644631
558405231689
558341798695
559545850101
558202668250
558293613442
558293429203
558676343321
558202508214
559683124959
559609399050
558293005462
559611607421
558346462402
558471092592
558471104550
558559585950
558676151437
559178472139
559095972423
559893987211
559997812556
559830186464
559611495718
555334690502
558560121060
559302163436
559667592028
558206236018
558204016449
559899663641
558406143118
559682760751
559607399763
559239558221
559244234457
558718906181
558202732053
558612574091
558676179421
559546250291
559093116175
559307163938
558559709899
558718262497
558576368122
558783159444
558718498388
558471184783
551838129024
560243703373
559302391013
559090196836
559302167776
559239018628
559181909501
559181757696
559090652096
559090636287
559302451782
559182405274
559181829978
559239422317
559090640642
559090576965
559239174391
559090936179
551970582769
552739303553
551890674308
551891246884
552739023302
552945402527
558289289579
558205012286
558676499251
558718054876
558719046667
558576256969
558576424681
558310193630
558783179205
559881667632
559304695764
559812958735
560218742937
558718374604
558664561830
558782743009
558783247755
558664929611
558718762211
558718750714
558576640165
558576432499
558718770979
558576504991
558783523076
558576732286
558718078452
558576072158
558576100105
559813934745
558576072317
559667112257
559758417913
559759453199
559093312491
559304859984
559305567752
559306135355
559094956184
559243026739
559095804390
559308519424
559187781801
559308771397
559097428304
559309587052
555003383193
551874414022
551874414024
558289461426
558718382669
551799468194
558665113177
553372951745
558675955811
558471876046
558559505602
558611910975
558471772338
552739235502
553100292735
558611986732
558471456022
558559649741
558471416341
558676507145
558612370306
558676223425
559181644638
558676135604
558471468214
553100392822
558783363112
558718090702
558664953598
558782943133
558664789094
558718618744
558664625142
558717818944
558718530578
558782427849
558783463089
558782587480
558782479962
558718058889
558576112805
558718738253
558576160812
558783299501
558576740149
558783295497
558664645222
558782351589
558718210307
558782415921
558664557776
558782423428
558717910800
558576288172
558783291182
558718670393
558575964856
558576276237
558782799485
558782855371
558664957337
558664941332
558718722031
558783019118
558576140627
558718302884
558718646210
558664641679
558576068967
558782595115
558718042558
558782831141
558718202264
558783067970
558782515403
558664877430
558576192378
558782963116
558782571810
558576296826
558718926107
558665441090
558576256053
558718366434
558664921149
558576596679
558782239879
558665241643
558718038783
558575980396
558782371826
558664585523
558782303891
558665101534
558718906316
558718746617
558782971802
558665365497
558783163493
558576660337
558783159548
558664525294
558782603673
558782519383
558718742161
558664761945
558719374026
558782447760
558718230577
558575972505
558718090890
558664569282
558782595109
558782163820
558783335141
559882055970
560206895089
556135111408
560095264735
560208527198
559078961719
559990236334
560187289670
560315351929
552599468718
558065140276
558719034331
558342574550
553588207458
559881863495
559185013270
559095688879
559390011388
559176968523
551838129027
559271549963
559272885806
559394707380
558222452833
559813626303
552662345901
552599332242
551838129231
558337886347
559756285617
558664305999
558664781349
558576264342
558406467037
558408959873
558782727184
558344554687
559756177043
558290573455
558576756407
558346410923
559271028964
559271032751
559271420335
559271508007
559271480249
559271572846
559271748701
559271720976
559271628745
559271928531
559271880477
559271792798
559272148663
559272044552
559272288217
559272196436
559272392054
559272288534
559272512522
559272640484
559272684138
559272660634
559272712735
559272772046
559272960428
559273044797
559273180611
559273312716
559273196939
559273812674
559273392176
559273872447
559362409430
559362345507
559362781600
559362757685
559362909956
559362977522
559363153870
559363105673
559363453037
559363377361
559363245678
559363581243
559363577997
559363633226
559363593670
559363685124
559363849025
559364125680
559364281745
559364321316
559364341555
559364465400
559364545717
559364489543
559364609843
559364809889
559364637775
559364849375
559364813880
559420662954
559420818888
559421242223
559421330724
559421302101
559421418605
559421386765
559421458804
559421438530
559421606376
559421578575
559421522497
559421746346
559421634425
559421854165
559421890217
559421858113
559422022030
559421974266
559422038269
559422470893
559422198176
559422558004
559422750100
559422726082
559422946483
559423110378
559423090048
559423110834
559423206176
559423334183
559423254291
559423438051
559484787839
559423866027
559485431626
559484999888
559485507699
559485603035
559485643983
559485711930
559485947850
559485931760
559485999446
559486155540
559486043703
559486223405
559486191348
559486227058
559486523142
559486447009
559486443227
559486723237
559487167127
559487367114
559487755607
559487911614
559487835740
559488343125
559488099420
559709852494
559709780576
559778540899
559778600740
559779176165
559779288024
559799733974
559800029914
559799833808
559800197661
559800265601
559800217477
559800465334
559800329448
559855786649
559855770714
559855914852
559857366496
559857138904
559870273205
559870001525
559870389006
559923843672
559924579064
559924471185
559925675324
559928178959
559925831042
559928474634
559996071772
559928790222
559996455307
559996727073
559996815071
559996823059
558205360349
558782779506
558782747617
558471384073
559881599937
558676287777
560066212595
559184425253
559882239103
559241074014
559240714851
558718486354
558665037167
560285555666
559813566069
560285791327
560249090580
558288925281
560093928735
560126074080
560248054394
560112233154
560232914512
558718582023
558718250695
560247882638
560180857367
559692304291
560314451328
560022612616
560247718894
558665165578
558576272376
558576232431
559393319577
559243594821
558576276570
558718158833
558783431186
558718566215
558576500117
558576220839
558576196102
558576028588
558665277801
558782703074
558576420652
558783327438
558783215838
558665181032
559241662816
560218770971
551800380301
556807770741
559239158832
558676343609
551926591816
558559765393
559183609077
559813918586
559881975736
558676147364
558612450312
558676363304
558612598176
558612454517
558559621317
558470892862
558559721674
558676755049
558676703127
558676907025
558675963900
558559821767
560111741908
557714893418
559883303102
559186825051
559177828108
551926643796
558676223401
558664813813
559079345277
558310857206
559813654952
559308291167
559884167968
553508749529
553544570355
558471604035
551838129050
560084308077
558719066824
553587967838
558405371819
558782979283
558612434236
558718578381
558782803983
558575980760
558665173537
558719070724
560084008423
558783011717
558291233304
553508961095
558665441597
558064764787
558559789999
559184837523
559481812713
552564265834
559893371459
559882515616
554813028117
551855997945
551891570559
551800256464
551936465143
556990972401
556881765151
558424239656
559389644568
559538858596
559603719847
559483013324
559483013338
558204808553
551926579257
553372915799
560150358325
557762626475
557121078807
558665109953
558665029361
558665009397
558293533308
558575856573
558406047148
558718302980
558576936010
558718754071
559198551743
559134178499
558676039890
551799784971
558612106961
558166931349
558401151098
554647743111
558783203089
557467842952
559184405173
559241570116
559304835498
559184537023
557627608713
560186883296
560120342518
560060521023
560187763316
560060097971
560062805690
560123110919
560063449215
560065389181
560193927418
559974964029
560067145491
559975240144
559974896746
560067705090
560127874735
559975032697
559975336311
559975220516
560127742959
560128206439
560194263997
559975036890
560128610037
559975144985
560195203144
560136162556
560203091180
560203095795
559983988487
560076461526
559984180767
560203699678
559984172954
559984864791
560204887506
552944890920
560312971675
551926939224
551855669940
551926899607
551891406486
551856141601
552599228683
551838129291
555512975778
559538034861
558717898781
558471456553
560142838959
558783411112
558783235141
560139962993
559987704431
560080401355
560079877956
560209583299
560082945400
559990408903
559093652468
555218624488
551891458955
553100272825
551838129046
552662961248
556410179728
558201600610
558404239777
552564545131
555765466267
558404855606
551874414108
556798724984
552502132090
559094732449
552564329794
551890478600
551799940832
551799464037
551926779795
558205054115
559095368988
555645308750
551855337205
558222084284
560155750758
560223107874
560096201735
560223503345
560090169029
560089785605
559997404428
558718666870
559091712916
558576460008
558612714120
558204992339
554952698413
558782451651
557822283626
558576544045
559606015394
559692480120
555296461514
551856025165
551891038588
551855481894
552945650104
552739359362
559665312491
553201842957
553167873031
559305051820
560060293224
559387103981
560066168807
559304327619
559093516176
559241942903
560224654172
558782723828
551927263453
559389676813
553167381902
559666156407
560183726726
560183966508
560187605324
551891798564
551838129284
560163389659
559547258565
560204939031
560253002416
560191582615
559390080095
560137230526
560089289805
559538366848
560123697914
560131205621
559547106799
559092892764
558342238379
558407939845
558576636756
560256427948
558665433674
558560037071
558719322201
551799816751
552502068790
552910137236
558200244869
555296001462
551838129165
559988656798
553508697677
553544618203
560095412417
557526571249
556030463202
558154405586
558207248126
554976243409
558820497534
551926731596
553508961049
554915493277
559882131129
558665057139
558222288472
558166751837
558782807776
558718778880
558471692014
560310679611
558719186019
558216571051
558294009443
558718314087
558718974495
559305211982
551874414114
558471756075
559272569724
558718690367
558361330840
554915585325
559665532970
559305835678
554487872536
551874414015
559198763752
558782587867
559971344188
560123822405
560185333140
560314455337
558938427979
558730928971
558575888355
558730940854
560063853119
558665133853
560094300249
558718158841
560095244692
560246682540
558346018199
559882423955
558783103068
560028820790
559882631658
559268505375
553100864165
555334558848
555344712490
557714629351
555819507232
557121498050
553100568447
559894679110
555976290199
559134078062
559540838506
559483409047
559134022821
560127794547
560172014960
559756529615
559269301327
560207971354
559814402168
560003888516
559666412924
559667384751
559884283892
559758721972
559607155315
559393240193
559607403255
559484625304
559541934727
559607287720
559393172836
559607411568
559393088928
559542270738
559542590442
559543510336
559543598559
559609015409
559395164209
559487785650
559610767618
559487913515
559610687812
559488209264
559488373252
554562261665
559549694327
559615391259
558342334487
558470936940
552662461593
552844888779
559748186370
560218834784
560158449419
560158773159
560285607507
556680040579
554840248014
559199175013
558425107714
554562653190
551855729318
554952550802
558268303451
558310281080
558664545405
560065912960
558014904292
560218790788
559667416129
560158449505
554598590312
558293189299
558295581761
560158769002
558782879711
558782919150
560249099733
558409295045
560158877069
558559609898
558782235796
558612746049
558782815965
558664825408
558782375731
559485177116
560185498603
558361906280
558665214000
559134122393
558612262639
558341322299
558290677841
551926403963
559078941903
551925991484
558560037502
