543399704177
543246000593
16274215036
544603299250
542944814934
542947694920
543434606034
544560842555
544542898242
542952665001
543483093650
544829812613
544845529897
543434106100
543322597960
543440837949
543153958886
543745240627
543791015641
544594331298
544539508461
544528165917
543271009558
543262481047
525809044730
544854153286
528796238079
543236568360
544524076418
543506108839
543727570211
520289048637
543822461806
543817884608
525076803525
544584002639
544574277211
543339919454
543282559566
543503480589
545109797600
534127608368
543322335011
522916370881
542960939553
39467840389
543134272201
544569427092
545142058656
525451443273
538847055481